[  6.01905240e-02   8.34858531e-02   1.00432304e-01  -8.28583212e-05
  -2.97221909e-04   2.17939556e-02   2.90345277e-02   2.41520124e-01
   2.47746808e-01  -4.49775420e-03   5.77201482e-01   2.96284269e-01
   3.39901098e-01   8.53901641e-01   8.49824012e-01   1.13448289e-01
   2.16231220e-01   1.18501407e-01   6.39615031e-02   2.52493349e-01
   1.95576177e-01   6.08787484e-01   3.72702113e-01   7.26577462e-02
   8.66400247e-02   1.50714455e-01   2.00072632e-01   5.05277536e-01
  -2.82191615e-02   1.66338055e-01   1.09147081e-01   2.40765054e-01
   6.73710966e-02   1.37757789e-01   5.53953387e-01   1.31424247e-01
   1.08122342e-03  -2.22933191e-02   4.03217491e-02   7.95481565e-02
   5.25419568e-02   8.92191521e-01   1.60921802e-01   1.20193463e-01
   1.18403997e-01   1.92741410e-01   1.79225805e-01   1.54801924e-01
   7.26063080e-02   7.62857906e-02   1.05839586e-01   8.45228999e-02
   9.97862446e-01   2.02876616e-01   5.88819323e-01   4.05334094e-01
   7.22658295e-01  -5.84586642e-02   8.99478285e-02   1.50225586e-01
   2.44548982e-01   2.77192664e-02  -3.51224946e-02   2.24894946e-02
  -2.09210595e-01   7.63458543e-02   2.91389326e-01   1.46927919e-01
  -5.59558255e-01  -3.30160249e-01  -1.60758811e-01   2.57387028e-01
   4.37756369e-01   4.22746755e-01   2.10856875e-01   1.63726353e-01
   3.43837823e-01  -2.17687057e-01   1.41379039e-01   3.47842463e-02
   2.86387022e-01   6.29868390e-01   9.78410425e-02   5.33048208e-02
   1.19180471e-01   2.36990062e-01   6.87203705e-02   1.49808853e-01
   4.54218900e-02   1.06708650e+00   3.25812526e-02   7.74171060e-02
   1.10048356e+00   4.07065222e-01   7.10428922e-01  -4.86149555e-02
   8.43879357e-02   4.17052750e-01   2.84503196e-01  -5.34208020e-02
   7.96271477e-01  -4.17886674e-01   2.32420972e+00   1.87995722e-02
  -3.13576040e-01   1.22273785e-01   8.88533415e-02  -8.68723311e-03
   4.24056901e-01  -8.41962537e-02   4.41221243e-01  -1.87581931e+00
   0.00000000e+00]

