[  6.08988332e-01   6.69833703e-01   4.22827595e-01   2.23044569e-01
   3.25648889e-01   4.70071643e-01   4.33767151e-01   9.39691108e-01
   7.32258238e-01   2.51908369e-02   1.46938446e+00   8.41867620e-01
   9.64615119e-01   1.99145662e+00   2.34416202e+00   8.01649532e-01
   1.97391188e+00   1.50515660e+00   1.29089565e+00   9.64589797e-01
   1.74532235e+00   1.37207900e+00   7.32289389e-01   1.42218050e+00
   9.30283188e-01   1.79229343e+00   1.70336023e+00   1.23580662e+00
   3.63662698e-01   4.02165061e-01   9.64356167e-01   2.10545988e+00
   9.08715807e-01   1.43467183e+00   2.00629398e+00   1.20146742e+00
   4.20493017e-01   3.27202143e+00   6.19412172e-01   7.94043941e-01
   6.50124303e-01   1.12317436e+00   1.75323879e+00   1.18756417e+00
   8.96500726e-01   1.55531489e+00   1.60409815e+00   1.41807580e+00
   7.42634957e-01   4.04939502e-01   6.24563816e-01   1.92657841e-01
   3.11793010e+00   4.75958393e-01   1.27860201e+00   4.42092943e+00
   1.80097088e+00  -4.61032506e-03   1.02358972e+00   1.22723629e+00
   7.22751739e-01   3.70463447e-01   6.58308044e-01   6.07447192e-01
   7.97497990e-01   9.74340840e-01   2.52376683e+00   1.39076683e+00
   1.09020715e+00  -8.22222217e+01   1.72275780e-02   8.60294183e-01
   8.56973111e-01   1.13328276e+00   5.11923026e-01   1.86292535e+00
   1.02636339e+00   6.06515804e-01   3.77721464e-01   3.88771606e-01
   6.68799851e-01   1.93685948e+00   1.52315376e+00   3.07204395e-01
   1.26133086e+00   5.97390055e-01   7.44487684e-01   6.01855918e-01
   7.55235318e-01   9.86143022e+00   7.95957364e-01   1.38608218e+00
   2.91090697e+00   7.72903219e-01   7.95841565e-01  -2.02593256e-01
   7.21185607e-01   4.22056111e+00   4.89411880e-01   5.51220838e-01
   6.62952466e-01  -6.97739887e-01   2.48794936e-01  -6.33859788e-02
   7.64921677e-03   2.39186208e-01   4.07968082e+00  -1.47576932e-01
  -2.57359151e-01   1.85399030e-02  -8.87246411e+00  -4.18189292e-01
   1.78925734e+00  -3.53585652e-01   1.83030272e-02   1.15848366e-01
  -1.04636986e-01  -2.26181554e-03   9.74253970e-03  -1.31390168e-03
   5.64482350e-01  -1.97171020e-01  -2.68887136e-02   1.97394397e-02
  -2.10745538e-03   3.89430678e-01  -6.95948836e+00   0.00000000e+00]

